17
65
66
67
68
69
10
97
98
99
100
101
10
49
50
51
52
53
20
20
17
20
15
19
19
19
14
33
0
65
66
65
6
65
5
5
67
0
65
66
65
66
65
10
66
65
66
65
66
10
65
66
65
66
65
20
20
20
20
20
6
65
66
5
5
5
5
24
18
22
0
65
66
65
66
65
10
66
65
66
65
66
10
65
66
65
66
65
20
20
20
20
20
6
65
66
65
66
65
5
5
5
67
0
65
66
65
66
65
10
66
65
66
65
66
10
65
66
65
66
65
20
20
20
20
20
6
65
66
65
66
65
5
5
67
0
65
66
65
66
65
10
66
65
66
65
66
10
65
66
65
66
65
20
20
20
20
20
6
65
66
65
65
5
67
0
65
66
65
66
65
10
66
65
66
65
66
10
65
66
65
66
65
20
20
20
20
20
6
65
66
65
5
5
5
67
0
65
66
65
66
65
10
66
65
66
65
66
10
65
66
65
66
65
20
20
20
20
20
6
65
66
5
5
67
0
65
66
65
66
65
10
66
65
66
65
66
10
65
66
65
66
65
20
20
20
20
20
6
65
27
67
0
65
66
65
66
65
10
66
65
66
65
66
10
65
66
65
66
65
20
20
20
20
20
6
65
5
67
0
65
66
67
68
69
10
97
98
99
100
101
10
49
50
51
52
53
20
20
20
17
15
18
14
24
15
20
20
20
20
20
20
20
20
20
20
14
22
33
0
65
66
67
68
69
10
97
98
99
100
101
10
49
50
51
52
53
20
20
20
17
15
18
14
3
19
22
33
0
18
96
10
81
35
17
57
8
113
8
99
53
8
19
17
18
85
64
78
96
20
62
20
8
18
17
8
8
17
126
18
66
18
50
122
10
17
47
17
118
57
82
10
68
17
115
19
92
93
8
66
53
18
95
18
8
20
50
19
58
19
8
71
19
114
18
19
10
8
62
32
20
19
10
8
19
10
108
64
64
20
106
100
8
89
83
10
17
10
8
20
10
106
110
20
8
19
8
96
10
113
51
101
8
18
40
92
109
55
17
20
8
10
45
18
62
8
10
116
125
17
81
106
20
85
20
86
17
10
95
10
105
8
120
114
19
69
81
10
105
8
120
48
19
20
68
19
60
34
17
8
94
8
8
74
89
72
17
10
18
8
38
87
19
84
45
54
79
18
18
58
120
18
46
63
18
10
80
105
93
116
84
61
20
118
82
69
116
18
88
40
20
40
17
18
17
8
118
18
17
18
8
57
19
20
20
17
19
66
80
19
85
57
108
18
76
17
19
20
19
114
39
19
17
18
17
20
20
92
17
17
8
8
17
75
48
19
19
17
32
19
10
10
85
8
10
44
42
10
20
20
103
19
20
55
20
19
20
17
122
112
92
108
105
71
124
52
64
18
56
90
10
19
17
88
67
17
17
10
68
8
8
95
10
10
17
17
8
18
10
19
37
109
10
106
17
76
105
20
8
10
10
105
18
10
8
20
119
10
18
68
79
89
123
38
39
74
108
38
18
37
34
57
19
19
17
56
20
45
8
124
52
70
19
8
8
116
118
10
46
85
10
81
8
19
61
125
87
17
8
10
18
92
19
8
126
74
17
17
20
19
10
49
20
113
10
122
10
56
10
100
20
10
19
51
18
18
18
120
18
43
8
39
8
112
19
8
107
18
17
8
20
10
34
20
45
10
34
20
8
19
19
8
32
19
45
8
19
19
67
50
19
126
58
18
107
19
91
20
106
18
10
80
67
8
17
17
102
18
20
42
82
60
20
125
116
18
8
69
77
8
61
118
10
50
10
10
119
105
53
40
18
17
20
98
20
78
8
57
8
123
20
19
85
17
119
103
18
18
109
105
108
103
19
34
90
20
118
10
8
48
38
10
10
19
18
89
74
19
19
17
41
65
120
10
10
75
10
43
20
35
114
8
90
18
17
20
8
110
40
63
18
8
17
75
111
19
77
8
17
8
65
126
116
102
8
18
77
122
34
89
18
10
19
10
48
8
96
10
115
69
17
115
53
10
20
41
107
8
61
8
20
20
52
81
10
111
19
10
121
40
106
8
118
43
103
68
17
68
18
18
74
17
8
64
20
45
124
114
8
17
10
18
17
10
17
19
110
113
20
20
54
20
18
125
19
116
113
84
19
19
18
39
79
45
10
17
121
17
17
47
20
94
74
108
37
47
71
10
10
10
114
92
18
19
101
35
120
20
58
67
61
10
91
114
8
18
77
19
18
10
123
75
17
17
8
72
69
18
17
10
105
8
64
17
17
118
18
10
20
20
8
91
37
98
10
76
19
19
122
105
83
17
33
78
10
19
67
19
8
96
17
20
10
17
8
20
36
112
19
19
8
17
65
19
120
40
20
17
76
87
123
10
54
64
36
113
19
8
115
120
19
37
8
17
10
81
44
85
18
35
8
120
64
38
69
20
67
92
44
18
8
10
53
10
109
18
8
64
18
17
19
8
18
57
17
8
10
18
20
61
104
10
19
114
10
78
120
10
19
19
17
18
115
102
108
77
19
33
17
75
87
92
88
17
10
125
18
10
57
10
89
19
124
116
17
20
20
66
95
102
8
77
17
20
18
8
10
19
106
10
43
17
76
60
114
17
8
10
17
62
32
38
19
45
33
105
17
83
62
19
120
96
36
17
69
49
19
73
19
8
103
97
20
109
18
18
17
10
106
123
10
84
126
10
33
10
8
18
19
108
108
35
121
59
10
106
8
50
45
36
85
124
18
17
108
19
78
0
19
19
44
118
20
49
40
8
96
57
17
8
98
20
19
10
57
75
8
115
112
8
102
10
126
10
40
111
20
17
54
19
8
8
87
83
33
110
78
106
19
67
101
10
18
90
8
8
20
98
18
93
8
114
19
103
20
41
19
60
110
20
10
60
10
8
8
82
17
18
45
19
18
71
10
18
18
8
17
8
37
8
104
18
10
73
115
105
53
8
103
82
18
121
18
84
33
17
120
125
10
37
41
10
10
8
20
65
10
8
59
19
117
81
8
20
70
84
8
18
105
18
10
18
45
116
78
17
58
18
8
20
50
17
67
8
18
19
50
17
10
68
17
8
46
67
8
20
20
17
77
17
62
57
113
101
124
18
10
124
49
10
94
17
10
10
65
17
81
18
10
84
10
92
88
68
37
107
99
87
20
18
17
115
94
19
10
61
77
17
101
123
8
8
18
18
44
20
10
19
20
69
18
10
84
20
78
17
82
42
8
88
10
18
70
98
20
58
17
51
19
18
8
59
41
20
110
44
35
17
17
18
19
18
114
20
18
18
68
117
53
17
8
107
19
59
51
20
40
19
101
20
65
18
10
20
19
79
122
82
105
20
36
10
17
91
10
18
116
8
88
20
20
8
17
56
20
122
39
41
34
8
122
10
8
17
52
49
19
32
53
8
77
17
8
49
10
105
20
8
18
81
91
65
20
103
19
19
73
80
8
20
20
74
109
8
113
8
110
10
87
20
62
109
10
42
20
20
52
95
8
94
109
124
20
18
70
75
88
10
85
33
68
20
43
8
96
8
17
72
34
8
18
69
92
19
104
18
10
19
19
8
8
10
108
79
19
64
19
17
20
85
8
19
40
84
33
91
42
17
10
8
60
19
19
56
44
18
10
17
90
80
18
10
8
38
85
105
20
20
17
19
10
17
8
20
10
98
115
10
55
101
74
19
19
10
10
18
8
40
114
19
96
66
20
8
19
43
99
10
17
72
73
10
10
38
126
17
18
19
18
20
8
10
20
118
19
117
19
18
37
98
63
10
104
19
93
118
73
101
20
92
10
8
47
10
76
19
10
47
8
20
17
8
120
10
38
59
8
10
19
20
93
8
20
17
17
18
35
10
8
17
120
80
89
88
32
116
121
20
8
18
18
113
17
110
40
17
105
92
8
19
120
20
20
60
105
61
72
86
58
65
34
10
10
62
8
108
49
18
10
10
37
8
74
114
18
17
115
116
85
112
10
100
8
82
105
20
68
18
32
19
58
10
67
18
115
18
57
18
20
53
20
111
56
101
107
20
17
17
44
17
18
121
8
79
58
111
38
55
42
18
10
8
19
47
17
39
17
20
8
70
69
59
8
8
20
124
113
72
74
67
18
8
35
50
17
18
60
10
18
18
115
77
18
39
99
69
17
10
20
8
121
10
19
35
8
18
61
90
80
33
19
10
100
10
20
95
19
20
81
10
116
63
89
18
19
111
17
8
19
18
19
10
8
10
19
50
20
20
58
20
38
102
20
41
8
8
100
8
10
17
97
17
17
18
38
90
18
45
39
20
17
10
124
106
67
19
44
117
8
8
20
20
46
59
64
10
83
20
10
18
8
53
101
18
38
119
19
17
108
114
40
17
20
118
19
105
10
50
10
85
76
49
17
8
17
19
17
112
17
8
46
18
108
39
17
8
17
75
124
10
17
19
113
43
20
20
8
8
8
10
111
8
10
114
91
48
49
40
40
8
18
110
97
19
118
77
109
8
117
19
8
117
20
107
20
10
10
10
32
10
105
71
93
17
10
66
69
126
43
10
70
57
19
66
17
19
19
53
46
8
8
58
18
10
88
10
84
19
41
34
61
17
78
18
69
18
35
20
19
8
10
18
17
83
94
17
107
17
10
55
33
17
18
10
17
19
49
18
20
18
20
124
8
111
45
20
20
35
10
20
99
10
17
10
38
20
10
8
54
19
36
8
8
17
18
8
55
17
98
10
20
8
10
17
81
51
98
19
20
81
125
0
17
10
10
18
20
17
8
66
10
38
73
20
8
10
65
65
91
101
20
33
59
109
49
17
50
17
54
45
8
18
8
19
118
67
18
50
61
67
10
18
10
86
18
73
17
10
19
8
122
10
8
44
17
20
8
19
8
96
18
10
8
19
48
8
17
71
17
20
19
20
92
38
52
82
110
124
19
10
8
85
53
51
90
8
65
35
17
59
106
111
95
20
10
75
117
10
20
19
59
10
8
8
92
17
82
19
20
112
98
121
10
10
68
18
54
20
20
8
120
45
10
17
20
17
98
38
19
8
97
48
64
8
73
49
120
123
20
81
93
84
17
73
84
10
19
66
19
20
41
90
20
56
20
97
55
111
19
60
54
17
60
19
8
70
96
17
20
8
17
122
102
19
126
18
85
50
88
20
101
117
8
10
113
88
104
74
119
19
56
72
8
19
10
88
8
77
20
10
20
8
75
77
18
106
17
84
64
120
81
8
55
10
37
18
107
19
104
69
17
10
99
8
118
8
100
17
90
8
90
66
17
109
110
8
80
120
94
77
80
19
69
8
42
8
71
18
58
8
102
42
32
10
56
33
87
18
10
82
18
10
18
72
87
10
84
126
18
86
18
19
20
69
17
20
70
10
105
8
18
20
8
115
59
10
34
10
10
80
89
51
18
19
101
20
59
17
17
20
19
17
10
18
74
10
79
118
82
34
107
67
71
18
57
75
17
89
123
50
18
126
19
111
111
20
98
8
70
20
17
38
10
10
20
40
46
124
35
33
18
107
10
47
50
71
38
83
10
102
20
38
17
17
8
10
10
20
118
10
88
108
33
100
71
48
10
19
114
10
124
19
19
38
63
19
86
109
33
17
18
10
119
18
10
10
17
8
81
107
20
76
86
84
120
103
20
68
8
18
43
34
19
18
54
103
8
125
93
19
10
115
111
20
8
8
17
99
20
8
18
101
72
18
114
18
8
42
77
86
20
8
46
17
8
17
17
50
8
95
111
19
96
33
17
17
74
55
8
8
73
8
77
53
17
18
89
92
89
93
50
18
115
18
10
58
122
77
20
17
107
119
10
10
109
10
93
8
10
18
19
19
61
10
49
63
52
8
10
10
18
19
18
77
119
10
100
123
19
18
75
121
20
17
18
8
8
115
20
17
33
111
88
19
20
89
126
19
32
10
88
10
94
19
19
122
123
17
20
67
92
17
96
38
18
51
20
94
49
126
10
10
106
20
18
8
104
36
73
50
66
36
33
20
17
68
88
18
70
35
18
104
48
18
46
112
19
10
17
75
10
17
38
68
8
10
82
19
107
38
49
47
8
8
123
10
17
19
17
8
34
33
19
18
20
67
61
18
17
10
73
124
120
8
17
54
20
10
19
108
10
105
10
8
19
17
18
54
19
68
34
18
17
43
90
60
79
101
94
42
10
20
75
10
18
53
79
111
70
102
19
65
59
8
10
17
96
34
120
83
48
74
8
18
17
39
122
10
20
10
53
10
10
8
120
103
42
10
33
20
99
109
83
63
40
61
62
42
10
19
17
93
72
126
80
59
8
38
116
67
18
8
10
105
80
91
76
20
8
43
19
85
10
96
82
17
58
85
20
100
8
19
20
50
19
102
19
10
62
70
17
56
35
122
8
20
8
106
78
104
18
72
89
51
68
101
20
48
101
113
76
95
17
20
54
8
67
19
19
104
20
17
10
10
10
52
19
44
8
10
33
17
19
47
111
101
17
19
102
67
20
20
62
105
97
108
69
93
126
117
91
49
51
10
8
65
18
17
19
49
123
17
20
79
48
54
80
126
66
46
0
19
125
19
57
43
39
18
68
74
46
114
17
58
64
20
107
20
49
19
17
49
8
18
55
17
81
43
17
38
10
8
36
18
17
19
64
60
10
18
20
99
19
96
76
51
60
17
50
20
125
112
123
20
8
53
18
17
98
8
97
43
17
46
10
91
10
98
18
20
75
17
55
17
17
68
17
122
10
45
96
8
33
64
17
17
113
112
10
66
36
62
8
112
45
18
117
93
10
111
54
55
18
70
69
19
51
71
17
75
60
101
111
18
45
45
18
19
118
17
10
75
108
87
59
10
40
60
71
17
10
87
59
17
49
10
8
82
8
19
10
74
20
87
17
20
89
111
87
112
8
83
37
8
18
18
63
92
42
86
126
19
59
18
69
10
90
8
17
17
17
10
18
20
8
8
20
67
90
75
19
20
10
65
17
18
51
55
122
57
8
17
38
48
17
77
55
57
8
116
108
109
8
35
95
17
20
108
8
8
106
20
8
109
42
42
40
64
17
58
115
10
115
125
45
87
98
17
33
10
126
123
122
19
126
8
8
52
20
85
117
35
18
107
37
83
10
50
106
90
118
8
40
8
101
8
19
107
73
20
107
8
18
8
126
52
50
33
8
20
57
20
122
18
17
18
10
35
10
19
62
17
40
17
8
89
47
52
10
10
17
20
19
8
115
19
108
17
32
20
121
20
122
58
10
10
62
111
20
58
17
121
8
8
47
19
49
17
84
122
17
67
41
8
46
19
48
10
20
57
119
111
98
10
19
18
20
111
81
76
96
10
61
94
10
45
32
20
53
20
120
20
20
79
10
53
74
10
63
8
19
63
10
92
20
8
20
79
8
58
19
117
81
125
8
18
20
10
17
100
19
18
55
47
110
33
95
20
8
92
32
45
8
19
10
8
126
10
19
82
109
19
17
117
75
20
85
91
65
95
10
59
17
48
8
17
17
35
50
18
8
10
63
20
19
65
8
67
62
17
118
117
17
18
45
111
79
33
37
10
79
84
18
48
10
17
8
10
18
77
10
67
8
121
20
10
109
123
19
18
108
115
10
89
78
17
18
18
8
92
88
34
20
19
60
17
37
10
73
17
10
112
8
81
20
10
118
10
52
41
8
10
17
92
47
91
8
8
20
103
18
106
17
19
8
101
8
87
10
97
78
20
10
113
65
116
42
8
20
8
20
19
66
43
17
93
97
59
86
17
8
17
38
19
33
18
126
20
18
96
8
17
17
10
18
18
117
17
88
10
33
41
20
55
19
10
62
114
20
18
36
8
48
110
70
111
49
8
17
107
105
18
114
20
8
18
8
8
10
118
19
20
10
122
19
81
10
49
82
41
41
8
8
45
56
10
46
18
18
17
18
8
8
18
117
56
120
120
76
119
8
59
18
69
106
37
17
20
85
126
91
8
10
17
19
123
43
98
126
18
35
17
38
8
80
8
20
77
60
8
52
17
44
20
91
54
18
18
17
8
83
121
66
89
114
20
18
93
17
110
91
19
83
18
115
20
18
18
66
76
17
72
18
20
107
18
126
10
120
17
56
20
18
116
8
20
10
32
35
8
8
78
10
18
120
20
44
122
18
10
86
118
20
19
92
52
101
19
102
53
19
10
19
8
20
72
74
49
17
17
102
89
34
17
20
8
10
8
66
18
111
19
117
18
45
126
43
93
19
10
55
110
8
55
18
8
124
53
80
19
10
123
115
18
67
71
114
17
8
51
17
57
19
8
17
18
33
75
45
71
76
8
10
10
43
99
8
108
10
34
55
122
19
18
122
55
10
19
81
20
20
8
19
96
41
115
54
8
54
17
67
104
35
62
10
8
50
17
20
18
10
84
77
44
10
76
17
98
19
8
19
18
91
111
18
39
91
10
18
17
20
105
45
74
72
0
17
92
86
102
18
10
19
18
17
18
37
104
93
116
18
116
117
68
8
107
18
65
20
84
69
90
10
19
52
104
123
102
18
18
20
59
8
51
18
77
102
18
10
35
96
17
19
62
19
17
18
19
41
8
18
17
111
17
18
17
19
90
72
108
8
66
10
115
8
8
8
45
19
97
58
90
59
18
10
88
18
17
95
42
8
42
10
78
19
121
17
17
20
20
8
10
20
10
96
17
48
40
19
85
105
118
18
20
19
123
46
94
18
10
8
20
75
56
93
20
62
54
68
10
50
8
67
8
19
84
67
95
101
101
17
32
36
18
19
53
17
54
69
39
97
79
51
37
69
80
108
73
19
53
56
17
18
84
20
125
17
8
77
123
8
8
120
102
66
10
81
111
19
8
17
19
57
20
32
18
8
101
35
17
98
8
20
104
10
8
125
67
8
121
118
8
18
115
10
17
17
46
72
10
113
77
37
18
20
19
106
10
19
106
70
50
103
35
17
122
105
10
20
17
67
64
40
18
10
10
64
19
95
18
63
8
20
20
17
10
100
52
19
56
10
89
105
115
17
45
18
35
94
37
87
19
63
92
8
116
10
18
10
115
10
103
20
19
91
47
19
17
45
18
17
34
17
10
53
79
53
8
39
18
8
19
111
51
8
63
53
10
19
18
8
17
20
96
35
17
85
18
18
19
120
94
10
18
17
8
10
60
20
17
8
20
64
18
17
8
122
10
67
18
8
118
18
77
19
17
17
17
18
125
108
18
8
10
75
8
117
76
90
19
19
82
10
20
10
8
114
19
17
72
18
18
18
86
8
19
54
18
62
34
10
61
10
8
111
17
8
92
19
59
41
78
19
18
8
123
8
10
20
10
8
10
105
18
8
8
54
42
106
18
19
17
42
10
8
55
8
8
100
18
111
17
17
76
10
109
20
40
123
94
84
81
18
8
10
121
97
33
8
96
20
17
117
116
20
10
43
20
18
83
18
18
17
8
71
40
77
10
73
65
8
64
10
19
89
58
123
98
20
54
105
10
10
46
8
20
115
55
17
102
20
37
125
44
8
104
8
18
8
20
18
32
8
100
10
102
17
17
96
20
118
20
10
10
117
10
86
113
19
19
17
10
18
98
120
74
17
126
10
34
82
42
17
10
56
45
51
80
33
20
18
52
56
17
35
20
59
34
8
99
96
20
18
8
18
102
10
20
88
50
48
19
10
10
47
19
71
76
55
47
18
85
8
49
19
49
20
47
17
17
19
116
70
109
125
19
18
61
18
97
125
18
85
36
101
10
10
99
88
64
18
110
116
8
10
67
100
77
36
63
41
8
112
76
32
10
17
10
17
67
51
10
18
46
51
10
95
63
92
33
56
62
92
19
39
125
10
81
50
19
8
8
20
8
10
36
19
10
8
10
20
18
56
18
10
114
19
8
20
77
8
82
18
62
111
64
89
47
10
19
92
20
61
8
17
121
10
17
18
107
8
118
110
88
39
20
124
54
20
20
10
17
80
19
20
74
17
42
20
19
40
8
93
20
106
8
8
93
58
49
8
106
19
18
19
10
10
19
10
10
20
42
20
17
122
55
99
10
105
20
17
112
90
10
18
10
42
20
37
10
121
8
58
20
82
105
50
114
38
20
19
103
83
52
69
8
20
108
101
8
19
8
85
10
19
54
19
71
109
71
19
71
91
8
55
33
10
8
18
48
88
79
19
125
18
19
104
10
8
117
101
97
10
107
8
18
17
40
110
91
38
8
10
78
59
17
41
17
19
8
37
8
55
67
118
17
20
20
19
83
8
122
87
18
10
34
106
8
8
85
20
39
86
46
58
94
18
124
17
53
110
8
19
66
50
61
18
10
8
20
10
19
107
8
10
59
10
39
81
17
18
52
73
8
10
18
33
35
8
17
20
8
59
44
52
44
0